10
12
21
21
12
25
21
12
12
12
6
78
87
78
78
78
45
24
12
23
123
244
545
54
45
10
12
21
21
12
25
21
12
12
12
6
78
87
78
78
78
45
24
12
23
123
244
545
54
4510
12
21
21
12
25
21
12
12
12
6
78
87
78
78
78
45
24
12
23
123
244
545
54
4510
12
21
21
12
25
21
12
12
12
6
78
87
78
78
78
45
24
12
23
123
244
545
54
4510
12
21
21
12
25
21
12
12
12
6
78
87
78
78
78
45
24
12
23
123
244
545
54
4510
12
21
21
12
25
21
12
12
12
6
78
87
78
78
78
45
24
12
23
123
244
545
54
4510
12
21
21
12
25
21
12
12
12
6
78
87
78
78
78
45
24
12
23
123
244
545
54
4510
12
21
21
12
25
21
12
12
12
6
78
87
78
78
78
45
24
12
23
123
244
545
54
4510
12
21
21
12
25
21
12
12
12
6
78
87
78
78
78
45
24
12
23
123
244
545
54
4510
12
21
21
12
25
21
12
12
12
6
78
87
78
78
78
45
24
12
23
123
244
545
54
4510
12
21
21
12
25
21
12
12
12
6
78
87
78
78
78
45
24
12
23
123
244
545
54
4510
12
21
21
12
25
21
12
12
12
6
78
87
78
78
78
45
24
12
23
123
244
545
54
4510
12
21
21
12
25
21
12
12
12
6
78
87
78
78
78
45
24
12
23
123
244
545
54
4510
12
21
21
12
25
21
12
12
12
6
78
87
78
78
78
45
24
12
23
123
244
545
54
4510
12
21
21
12
25
21
12
12
12
6
78
87
78
78
78
45
24
12
23
123
244
545
54
45
123
22
1